0 1 185 285 35 285 110 198 110 198 133
0 2 184 285 35 285 110 322 110 322 150 290 150
0 3 172 285 35 285 110 322 110 322 150 342 150
0 4 252 285 35 285 110 400 110 400 150 422 150
0 5 133 285 35 285 110 322 110 322 89
0 6 153 285 35 285 110 228 110 228 89
0 7 314 285 35 285 110 125 110 125 175 111 175
0 8 477 285 35 285 110 125 110 125 265 58 265 58 245
0 9 518 285 35 285 110 125 110 125 265 58 265 58 326
0 10 742 285 35 285 110 125 110 125 265 90 265 90 370 288 370 288 384
0 13 358 285 35 285 110 400 110 400 175 460 175 460 210 468 210
0 14 342 285 35 285 110 480 110 480 160 502 160
0 15 365 285 35 285 110 125 110 125 175 168 175 168 197
0 16 283 285 35 285 110 322 110 322 175 238 175 238 197
0 17 200 285 35 285 110 322 110 322 175 323 175 323 197
0 18 277 285 35 285 110 400 110 400 197
1 0 185 198 133 198 110 285 110 285 35
1 2 104 198 158 198 175 238 175 238 150 260 150
1 3 197 198 158 198 175 358 175 358 155
1 4 266 198 158 198 175 400 175 400 150 422 150
1 5 168 198 133 198 110 322 110 322 89
1 6 74 198 133 198 110 228 110 228 89
1 7 104 198 158 198 175 111 175
1 8 267 198 158 198 175 125 175 125 265 58 265 58 245
1 9 308 198 158 198 175 125 175 125 265 90 265 90 320 58 320 58 326
1 10 532 198 158 198 175 125 175 125 265 90 265 90 370 288 370 288 384
1 13 322 198 158 198 175 460 175 460 210 468 210
1 14 336 198 158 198 175 495 175 495 160 502 160
1 15 69 198 158 198 175 168 175 168 197
1 16 79 198 158 198 175 238 175 238 197
1 17 164 198 158 198 175 323 175 323 197
1 18 241 198 158 198 175 400 175 400 197
2 0 183 291 150 322 150 322 110 285 110 285 35
2 1 104 260 150 238 150 238 175 198 175 198 158
2 3 51 291 150 342 150
2 4 190 277 155 277 175 400 175 400 150 422 150
2 5 92 291 150 322 150 322 89
2 6 186 291 150 322 150 322 110 228 110 228 89
2 7 186 277 155 277 175 111 175
2 8 349 277 155 277 175 125 175 125 265 58 265 58 245
2 9 390 277 155 277 175 125 175 125 265 90 265 90 320 58 320 58 326
2 10 614 277 155 277 175 125 175 125 265 90 265 90 370 288 370 288 384
2 13 246 277 155 277 175 460 175 460 210 468 210
2 14 260 277 155 277 175 495 175 495 160 502 160
2 15 151 277 155 277 175 168 175 168 197
2 16 81 277 155 277 175 238 175 238 197
2 17 89 277 155 277 175 323 174 323 175 323 197
2 18 165 277 155 277 175 400 175 400 197
3 0 172 342 150 322 150 322 110 285 110 285 35
3 2 51 342 150 291 150
3 4 49 373 150 422 150
3 5 81 342 150 322 150 322 89
3 6 175 342 150 322 150 322 110 228 110 228 89
3 7 267 358 155 358 175 111 175
3 8 430 358 155 358 175 125 175 125 265 58 265 58 245
3 9 471 358 155 358 175 125 175 125 265 90 265 90 320 58 320 58 326
3 10 695 358 155 358 175 125 175 125 265 90 265 90 370 288 370 288 384
3 13 165 358 155 358 175 460 175 460 210 468 210
3 14 179 358 155 358 175 495 175 495 160 502 160
3 15 232 358 155 358 175 168 175 168 197
3 16 162 358 155 358 175 238 175 238 197
3 17 78 358 155 358 175 323 174 323 175 323 197
3 18 84 358 155 358 175 400 175 400 197
4 0 252 422 150 400 150 400 110 285 110 285 35
4 3 49 422 150 373 150
4 5 161 422 150 400 150 400 110 322 110 322 89
4 6 255 422 150 400 150 400 110 228 110 228 89
4 7 336 422 150 400 150 400 175 111 175
4 8 499 422 150 400 150 400 175 125 175 125 265 58 265 58 245
4 9 540 422 150 400 150 400 175 125 175 125 265 90 265 90 320 58 320 58 326
4 10 414 452 150 460 150 460 370 288 370 288 384
4 11 212 452 150 460 150 460 332 482 332
4 12 170 452 150 460 150 460 290 482 290
4 13 76 452 150 460 150 460 210 468 210
4 14 90 452 150 460 150 460 175 495 175 495 160 502 160
4 15 301 422 150 400 150 400 175 168 175 168 197
4 16 231 422 150 400 150 400 175 238 175 238 197
4 17 146 422 150 400 150 400 175 323 175 323 197
4 18 69 422 150 400 150 400 197
5 0 133 322 89 322 110 285 110 285 35
5 1 168 322 89 322 110 198 110 198 133
5 2 92 322 89 322 150 291 150
5 3 81 322 89 322 150 342 150
5 4 161 322 89 322 110 400 110 400 150 422 150
5 6 136 322 89 322 110 228 110 228 89
6 0 153 228 89 228 110 285 110 285 35
6 1 74 228 89 228 110 198 110 198 133
6 2 186 228 89 228 110 322 110 322 150 291 150
6 3 175 228 89 228 110 322 110 322 150 342 150
6 4 255 228 89 228 110 400 110 400 150 422 150
6 5 136 228 89 228 110 322 110 322 89
7 0 314 111 175 125 175 125 110 285 110 285 35
7 1 104 111 175 198 175 198 158
7 2 186 111 175 277 175 277 155
7 3 267 111 175 358 175 358 155
7 4 336 111 175 400 175 400 150 422 150
7 8 191 111 175 125 175 125 265 58 265 58 245
7 9 232 111 175 125 175 125 265 90 265 90 320 58 320 58 326
7 10 456 111 175 125 175 125 265 90 265 90 370 288 370 288 384
7 13 392 111 175 460 175 460 210 468 210
7 14 406 111 175 495 175 495 160 502 160
7 15 79 111 175 168 175 168 197
7 16 149 111 175 238 175 238 197
7 17 234 111 175 323 175 323 197
7 18 311 111 175 400 175 400 197
8 0 477 58 245 58 265 125 265 125 110 285 110 285 35
8 1 267 58 245 58 265 125 265 125 175 198 175 198 158
8 2 349 58 245 58 265 125 265 125 175 277 175 277 155
8 3 430 58 245 58 265 125 265 125 175 358 175 358 155
8 4 499 58 245 58 265 125 265 125 175 400 175 400 150 422 150
8 7 191 58 245 58 265 125 265 125 175 111 175
8 9 81 58 245 58 326
8 10 369 58 245 58 265 90 265 90 370 288 370 288 384
8 11 587 58 245 58 265 90 265 90 370 460 370 460 332 482 332
8 12 629 58 245 58 265 90 265 90 370 460 370 460 290 482 290
8 13 695 58 245 58 265 90 265 90 370 460 370 460 210 468 210
8 15 242 58 245 58 265 125 265 125 175 168 175 168 197
8 16 312 58 245 58 265 125 265 125 175 238 175 238 197
8 17 397 58 245 58 265 125 265 125 175 323 175 323 197
8 18 474 58 245 58 265 125 265 125 175 400 175 400 197
9 0 518 58 326 58 265 125 265 125 110 285 110 285 35
9 1 308 58 326 58 320 90 320 90 265 125 265 125 175 198 175 198 158
9 2 390 58 326 58 320 90 320 90 265 125 265 125 175 277 175 277 155
9 3 471 58 326 58 320 90 320 90 265 125 265 125 175 358 175 358 155
9 4 540 58 326 58 320 90 320 90 265 125 265 125 175 400 175 400 150 422 150
9 7 232 58 326 58 320 90 320 90 265 125 265 125 175 111 175
9 8 81 58 326 58 245
9 10 300 58 326 58 320 90 320 90 370 288 370 288 384
9 11 518 58 326 58 320 90 320 90 370 460 370 460 332 482 332
9 12 560 58 326 58 320 90 320 90 370 460 370 460 290 482 290
9 13 626 58 326 58 320 90 320 90 370 460 370 460 210 468 210
9 15 283 58 326 58 320 90 320 90 265 125 265 125 175 168 175 168 197
9 16 353 58 326 58 320 90 320 90 265 125 265 125 175 238 175 238 197
9 17 438 58 326 58 320 90 320 90 265 125 265 125 175 323 175 323 197
9 18 515 58 326 58 320 90 320 90 265 125 265 125 175 400 175 400 197
10 0 742 288 384 288 370 90 370 90 265 125 265 125 110 285 110 285 35
10 1 532 288 384 288 370 90 370 90 265 125 265 125 175 198 175 198 158
10 2 614 288 384 288 370 90 370 90 265 125 265 125 175 277 175 277 155
10 3 695 288 384 288 370 90 370 90 265 125 265 125 175 358 175 358 155
10 4 414 452 150 460 150 460 370 288 370 288 384
10 7 456 288 384 288 370 90 370 90 265 125 265 125 175 111 175
10 8 369 288 384 288 370 90 370 90 265 58 265 58 245
10 9 300 288 384 288 370 90 370 90 320 58 320 58 326
10 11 246 288 384 288 370 460 370 460 332 482 332
10 12 288 288 384 288 370 460 370 460 290 482 290
10 13 354 288 384 288 370 460 370 460 210 468 210
10 15 507 288 384 288 370 90 370 90 265 125 265 125 175 168 175 168 197
10 16 577 288 384 288 370 90 370 90 265 125 265 125 175 238 175 238 197
17 10 541 323 197 323 175 460 175 460 370 288 370 288 384
10 18 391 415 210 460 210 460 370 288 370 288 384
11 8 587 482 332 460 332 460 370 90 370 90 265 58 265 58 245
11 9 518 482 332 460 332 460 370 90 370 90 320 58 320 58 326
11 10 246 482 332 460 332 460 370 288 370 288 384
11 12 86 482 332 460 332 460 290 482 290
11 13 152 482 332 460 332 460 210 468 210
11 15 493 482 332 460 332 460 175 168 175 168 197
11 16 423 482 332 460 332 460 175 238 175 238 197
11 17 339 482 332 460 332 460 175 323 174 323 175 323 197
11 18 189 482 332 460 332 460 210 415 210
12 8 629 482 290 460 290 460 370 90 370 90 265 58 265 58 245
12 9 560 482 290 460 290 460 370 90 370 90 320 58 320 58 326
12 10 288 482 290 460 290 460 370 288 370 288 384
12 11 86 482 290 460 290 460 332 482 332
12 13 110 482 290 460 290 460 210 468 210
12 15 451 482 290 460 290 460 175 168 175 168 197
12 16 381 482 290 460 290 460 175 238 175 238 197
12 17 296 482 290 460 290 460 175 323 175 323 197
12 18 147 482 290 460 290 460 210 415 210
13 0 358 468 210 460 210 460 175 400 175 400 110 285 110 285 35
13 1 322 468 210 460 210 460 175 198 175 198 158
13 2 246 468 210 460 210 460 175 277 175 277 155
13 3 165 468 210 460 210 460 175 358 175 358 155
13 4 76 468 210 460 210 460 150 452 150
13 7 392 468 210 460 210 460 175 111 175
13 8 695 468 210 460 210 460 370 90 370 90 265 58 265 58 245
13 9 626 468 210 460 210 460 370 90 370 90 320 58 320 58 326
13 10 354 468 210 460 210 460 370 288 370 288 384
13 11 152 468 210 460 210 460 332 482 332
13 12 110 468 210 460 210 460 290 482 290
13 14 53 483 194 483 175 495 175 495 160 502 160
13 15 357 468 210 460 210 460 175 168 175 168 197
13 16 287 468 210 460 210 460 175 238 175 238 197
13 17 203 468 210 460 210 460 175 323 174 323 175 323 197
13 18 53 468 210 415 210
14 0 342 502 160 480 160 480 110 285 110 285 35
14 1 336 502 160 495 160 495 175 198 175 198 158
14 2 260 502 160 495 160 495 175 277 175 277 155
14 3 179 502 160 495 160 495 175 358 175 358 155
14 4 90 502 160 495 160 495 175 460 175 460 150 452 150
14 7 406 502 160 495 160 495 175 111 175
14 13 53 502 160 495 160 495 175 483 175 483 194
15 0 353 168 197 168 175 322 175 322 110 285 110 285 35
15 1 69 168 197 168 175 198 175 198 158
15 2 151 168 197 168 175 277 175 277 155
15 3 232 168 197 168 175 358 175 358 155
15 4 301 168 197 168 175 400 175 400 150 422 150
15 7 79 168 197 168 175 111 175
15 8 242 168 197 168 175 125 175 125 265 58 265 58 245
15 9 283 168 197 168 175 125 175 125 265 90 265 90 320 58 320 58 326
15 10 507 168 197 168 175 125 175 125 265 90 265 90 370 288 370 288 384
15 11 375 168 197 168 175 460 332 482 332
15 12 451 168 197 168 175 460 175 460 290 482 290
15 13 357 168 197 168 175 460 175 460 210 468 210
15 16 44 180 210 224 210
16 0 283 238 197 238 175 322 175 322 110 285 110 285 35
16 1 79 238 197 238 175 198 175 198 158
16 2 81 238 197 238 175 277 175 277 155
16 3 162 238 197 238 175 358 175 358 155
16 4 231 238 197 238 175 400 175 400 150 422 150
16 7 149 238 197 238 175 111 175
16 8 312 238 197 238 175 125 175 125 265 58 265 58 245
16 9 353 238 197 238 175 125 175 125 265 90 265 90 320 58 320 58 326
16 10 577 238 197 238 175 125 175 125 265 90 265 90 370 288 370 288 384
16 11 423 238 197 238 175 460 175 460 332 482 332
16 12 381 238 197 238 175 460 175 460 290 482 290
16 13 287 238 197 238 175 460 175 460 210 468 210
16 15 44 224 210 180 210
16 17 58 250 210 308 210
17 0 200 323 197 323 175 322 175 322 110 285 110 285 35
17 1 164 323 197 323 175 198 175 198 158
17 2 88 323 197 323 175 277 175 277 155
17 3 77 323 197 323 175 358 175 358 155
17 4 146 323 197 323 175 400 175 400 150 422 150
17 5 109 323 197 323 175 322 175 322 89
17 7 235 323 197 323 174 111 175
17 8 398 323 197 323 174 125 175 125 265 58 265 58 245
17 9 439 323 197 323 174 125 175 125 265 90 265 90 320 58 320 58 326
17 10 541 323 197 323 174 460 175 460 370 288 370 288 384
17 11 317 323 197 460 175 460 332 482 332
17 12 297 323 197 323 174 460 175 460 290 482 290
17 13 203 323 197 323 174 460 175 460 210 468 210
17 16 58 250 210 308 210
17 18 47 338 210 385 210
18 0 277 400 197 400 110 285 110 285 35
18 1 241 400 197 400 175 198 175 198 158
18 2 165 400 197 400 175 277 175 277 155
18 3 84 400 197 400 175 358 175 358 155
18 4 69 400 197 400 150 422 150
18 7 311 400 197 400 175 111 175
18 8 474 400 197 400 175 125 175 125 265 58 265 58 245
18 9 515 400 197 400 175 125 175 125 265 90 265 90 320 58 320 58 326
18 10 391 415 210 460 210 460 370 288 370 288 384
18 11 189 415 210 460 210 460 332 482 332
18 12 147 415 210 460 210 460 290 482 290
18 13 53 415 210 468 210
18 17 47 385 210 338 210
